:           x            y      :=
0    1e-12             1e-12
1        1.88402e-07       2
2        0.268835          4
3        0.652505          6
4        1.12679           8
5        1.67965          10
6        2.30376          12
7        2.99419          14
8        3.74746          16
9        4.56102          18
10       5.433            20
11       6.36201          22
12       7.34705          24
13       8.38743          26
14       9.48271          28
15      10.6327           30
16      11.8373           32
17      13.0968           34
18      14.4114           36
19      15.7817           38
20      17.2082           40
21      18.6918           42
22      20.2334           44
23      21.834            46
24      23.495            48
25      25.2178           50
26      27.0038           52
27      28.8551           54
28      30.7735           56
29      32.7612           58
30      34.8208           60
31      36.9549           62
32      39.1668           64
33      41.4597           66
34      43.8375           68
35      46.3044           70
36      48.8654           72
37      51.5257           74
38      54.2915           76
39      57.1699           78
40      60.1687           80
41      63.2973           82
42      66.5663           84
43      69.9883           86
44      73.5782           88
45      77.3538           90
46      81.3367           92
47      85.5538           94
48      90.0387           96
49      94.8348           98
50     100               100
;

