CPLEX 12.7.1.0: optimal integer solution; objective 8589672448
1275 MIP simplex iterations
0 branch-and-bound nodes
x[i,j,1] [*,*]
:    1   2   3   4   5   6   7   8   9  10    :=
1    0   0   0   0   0   0   0   1   0   0
2    0   0   0   0   0   0   0   0   0   1
3    0   0   0   0   0   0   1   0   0   0
4    0   0   0   0   0   1   0   0   0   0
5    0   0   0   0   0   0   0   0   1   0
6    0   0   0   0   0   0   0   0   0   0
7    0   0   0   0   0   0   0   0   0   0
8    0   0   0   0   0   0   0   0   0   0
9    0   0   0   0   0   0   0   0   0   0
10   0   0   0   0   0   0   0   0   0   0
;

x[i,j,2] [*,*]
:    1   2   3   4   5   6   7   8   9  10    :=
1    0   0   0   0   0   1   0   0   0   0
2    0   0   0   0   0   0   1   0   0   0
3    0   0   0   0   0   0   0   0   1   0
4    0   0   0   0   0   0   0   1   0   0
5    0   0   0   0   0   0   0   0   0   1
6    0   0   0   0   0   0   0   0   0   0
7    0   0   0   0   0   0   0   0   0   0
8    0   0   0   0   0   0   0   0   0   0
9    0   0   0   0   0   0   0   0   0   0
10   0   0   0   0   0   0   0   0   0   0
;

x[i,j,3] [*,*]
:    1   2   3   4   5   6   7   8   9  10    :=
1    0   0   0   0   0   0   0   0   0   1
2    0   0   0   0   0   0   0   0   1   0
3    0   0   0   0   0   0   0   1   0   0
4    0   0   0   0   0   1   0   0   0   0
5    0   0   0   0   0   0   1   0   0   0
6    0   0   0   0   0   0   0   0   0   0
7    0   0   0   0   0   0   0   0   0   0
8    0   0   0   0   0   0   0   0   0   0
9    0   0   0   0   0   0   0   0   0   0
10   0   0   0   0   0   0   0   0   0   0
;

x[i,j,4] [*,*]
:    1   2   3   4   5   6   7   8   9  10    :=
1    0   0   0   0   0   0   0   0   0   1
2    0   0   0   0   0   1   0   0   0   0
3    0   0   0   0   0   0   0   0   1   0
4    0   0   0   0   0   0   1   0   0   0
5    0   0   0   0   0   0   0   1   0   0
6    0   0   0   0   0   0   0   0   0   0
7    0   0   0   0   0   0   0   0   0   0
8    0   0   0   0   0   0   0   0   0   0
9    0   0   0   0   0   0   0   0   0   0
10   0   0   0   0   0   0   0   0   0   0
;

x[i,j,5] [*,*]
:    1   2   3   4   5   6   7   8   9  10    :=
1    0   0   0   0   0   0   0   1   0   0
2    0   0   0   0   0   1   0   0   0   0
3    0   0   0   0   0   0   0   0   0   1
4    0   0   0   0   0   0   0   0   1   0
5    0   0   0   0   0   0   1   0   0   0
6    0   0   0   0   0   0   0   0   0   0
7    0   0   0   0   0   0   0   0   0   0
8    0   0   0   0   0   0   0   0   0   0
9    0   0   0   0   0   0   0   0   0   0
10   0   0   0   0   0   0   0   0   0   0
;

x[i,j,6] [*,*]
:    1   2   3   4   5   6   7   8   9  10    :=
1    0   0   0   0   0   0   0   0   1   0
2    0   0   0   0   0   1   0   0   0   0
3    0   0   0   0   0   0   0   1   0   0
4    0   0   0   0   0   0   1   0   0   0
5    0   0   0   0   0   0   0   0   0   1
6    0   0   0   0   0   0   0   0   0   0
7    0   0   0   0   0   0   0   0   0   0
8    0   0   0   0   0   0   0   0   0   0
9    0   0   0   0   0   0   0   0   0   0
10   0   0   0   0   0   0   0   0   0   0
;

x[i,j,7] [*,*]
:    1   2   3   4   5   6   7   8   9  10    :=
1    0   0   0   0   0   1   0   0   0   0
2    0   0   0   0   0   0   0   1   0   0
3    0   0   0   0   0   0   0   0   0   1
4    0   0   0   0   0   0   1   0   0   0
5    0   0   0   0   0   0   0   0   1   0
6    0   0   0   0   0   0   0   0   0   0
7    0   0   0   0   0   0   0   0   0   0
8    0   0   0   0   0   0   0   0   0   0
9    0   0   0   0   0   0   0   0   0   0
10   0   0   0   0   0   0   0   0   0   0
;

x[i,j,8] [*,*]
:    1   2   3   4   5   6   7   8   9  10    :=
1    0   0   0   0   0   0   0   0   1   0
2    0   0   0   0   0   0   0   1   0   0
3    0   0   0   0   0   0   0   0   0   1
4    0   0   0   0   0   0   1   0   0   0
5    0   0   0   0   0   1   0   0   0   0
6    0   0   0   0   0   0   0   0   0   0
7    0   0   0   0   0   0   0   0   0   0
8    0   0   0   0   0   0   0   0   0   0
9    0   0   0   0   0   0   0   0   0   0
10   0   0   0   0   0   0   0   0   0   0
;

x[i,j,9] [*,*]
:    1   2   3   4   5   6   7   8   9  10    :=
1    0   0   0   0   0   0   0   1   0   0
2    0   0   0   0   0   0   1   0   0   0
3    0   0   0   0   0   0   0   0   0   1
4    0   0   0   0   0   0   0   0   1   0
5    0   0   0   0   0   1   0   0   0   0
6    0   0   0   0   0   0   0   0   0   0
7    0   0   0   0   0   0   0   0   0   0
8    0   0   0   0   0   0   0   0   0   0
9    0   0   0   0   0   0   0   0   0   0
10   0   0   0   0   0   0   0   0   0   0
;

x[i,j,10] [*,*]
:    1   2   3   4   5   6   7   8   9  10    :=
1    0   0   0   0   0   0   0   1   0   0
2    0   0   0   0   0   0   0   0   0   1
3    0   0   0   0   0   0   0   0   1   0
4    0   0   0   0   0   1   0   0   0   0
5    0   0   0   0   0   0   1   0   0   0
6    0   0   0   0   0   0   0   0   0   0
7    0   0   0   0   0   0   0   0   0   0
8    0   0   0   0   0   0   0   0   0   0
9    0   0   0   0   0   0   0   0   0   0
10   0   0   0   0   0   0   0   0   0   0
;

x[i,j,11] [*,*]
:    1   2   3   4   5   6   7   8   9  10    :=
1    0   0   0   0   0   0   0   0   1   0
2    0   0   0   0   0   0   1   0   0   0
3    0   0   0   0   0   0   0   1   0   0
4    0   0   0   0   0   1   0   0   0   0
5    0   0   0   0   0   0   0   0   0   1
6    0   0   0   0   0   0   0   0   0   0
7    0   0   0   0   0   0   0   0   0   0
8    0   0   0   0   0   0   0   0   0   0
9    0   0   0   0   0   0   0   0   0   0
10   0   0   0   0   0   0   0   0   0   0
;

x[i,j,12] [*,*]
:    1   2   3   4   5   6   7   8   9  10    :=
1    0   0   0   0   0   0   1   0   0   0
2    0   0   0   0   0   0   0   1   0   0
3    0   0   0   0   0   1   0   0   0   0
4    0   0   0   0   0   0   0   0   1   0
5    0   0   0   0   0   0   0   0   0   1
6    0   0   0   0   0   0   0   0   0   0
7    0   0   0   0   0   0   0   0   0   0
8    0   0   0   0   0   0   0   0   0   0
9    0   0   0   0   0   0   0   0   0   0
10   0   0   0   0   0   0   0   0   0   0
;

x[i,j,13] [*,*]
:    1   2   3   4   5   6   7   8   9  10    :=
1    0   0   0   0   0   0   1   0   0   0
2    0   0   0   0   0   0   0   0   0   1
3    0   0   0   0   0   1   0   0   0   0
4    0   0   0   0   0   0   0   0   1   0
5    0   0   0   0   0   0   0   1   0   0
6    0   0   0   0   0   0   0   0   0   0
7    0   0   0   0   0   0   0   0   0   0
8    0   0   0   0   0   0   0   0   0   0
9    0   0   0   0   0   0   0   0   0   0
10   0   0   0   0   0   0   0   0   0   0
;

x[i,j,14] [*,*]
:    1   2   3   4   5   6   7   8   9  10    :=
1    0   0   0   0   0   0   0   0   0   1
2    0   0   0   0   0   1   0   0   0   0
3    0   0   0   0   0   0   1   0   0   0
4    0   0   0   0   0   0   0   1   0   0
5    0   0   0   0   0   0   0   0   1   0
6    0   0   0   0   0   0   0   0   0   0
7    0   0   0   0   0   0   0   0   0   0
8    0   0   0   0   0   0   0   0   0   0
9    0   0   0   0   0   0   0   0   0   0
10   0   0   0   0   0   0   0   0   0   0
;

x[i,j,15] [*,*]
:    1   2   3   4   5   6   7   8   9  10    :=
1    0   0   0   0   0   0   1   0   0   0
2    0   0   0   0   0   0   0   0   0   1
3    0   0   0   0   0   1   0   0   0   0
4    0   0   0   0   0   0   0   1   0   0
5    0   0   0   0   0   0   0   0   1   0
6    0   0   0   0   0   0   0   0   0   0
7    0   0   0   0   0   0   0   0   0   0
8    0   0   0   0   0   0   0   0   0   0
9    0   0   0   0   0   0   0   0   0   0
10   0   0   0   0   0   0   0   0   0   0
;

x[i,j,16] [*,*]
:    1   2   3   4   5   6   7   8   9  10    :=
1    0   0   0   0   0   1   0   0   0   0
2    0   0   0   0   0   0   1   0   0   0
3    0   0   0   0   0   0   0   0   1   0
4    0   0   0   0   0   0   0   0   0   1
5    0   0   0   0   0   0   0   1   0   0
6    0   0   0   0   0   0   0   0   0   0
7    0   0   0   0   0   0   0   0   0   0
8    0   0   0   0   0   0   0   0   0   0
9    0   0   0   0   0   0   0   0   0   0
10   0   0   0   0   0   0   0   0   0   0
;

x[i,j,17] [*,*]
:    1   2   3   4   5   6   7   8   9  10    :=
1    0   0   0   0   0   0   0   0   1   0
2    0   0   0   0   0   0   0   1   0   0
3    0   0   0   0   0   0   1   0   0   0
4    0   0   0   0   0   0   0   0   0   1
5    0   0   0   0   0   1   0   0   0   0
6    0   0   0   0   0   0   0   0   0   0
7    0   0   0   0   0   0   0   0   0   0
8    0   0   0   0   0   0   0   0   0   0
9    0   0   0   0   0   0   0   0   0   0
10   0   0   0   0   0   0   0   0   0   0
;

x[i,j,18] [*,*]
:    1   2   3   4   5   6   7   8   9  10    :=
1    0   0   0   0   0   0   1   0   0   0
2    0   0   0   1   0   0   0   0   0   0
3    0   0   0   0   1   0   0   0   0   0
4    0   0   0   0   0   0   0   0   0   0
5    0   0   0   0   0   0   0   0   0   0
6    0   0   0   0   0   0   0   1   0   0
7    0   0   0   0   0   0   0   0   0   0
8    0   0   0   0   0   0   0   0   0   0
9    0   0   0   0   0   0   0   0   0   1
10   0   0   0   0   0   0   0   0   0   0
;

x[i,j,19] [*,*]
:    1   2   3   4   5   6   7   8   9  10    :=
1    0   0   0   1   0   0   0   0   0   0
2    0   0   0   0   1   0   0   0   0   0
3    0   0   0   0   0   1   0   0   0   0
4    0   0   0   0   0   0   0   0   0   0
5    0   0   0   0   0   0   0   0   0   0
6    0   0   0   0   0   0   0   0   0   0
7    0   0   0   0   0   0   0   0   0   1
8    0   0   0   0   0   0   0   0   1   0
9    0   0   0   0   0   0   0   0   0   0
10   0   0   0   0   0   0   0   0   0   0
;

x[i,j,20] [*,*]
:    1   2   3   4   5   6   7   8   9  10    :=
1    0   1   0   0   0   0   0   0   0   0
2    0   0   0   0   0   0   0   0   0   0
3    0   0   0   0   0   0   0   1   0   0
4    0   0   0   0   1   0   0   0   0   0
5    0   0   0   0   0   0   0   0   0   0
6    0   0   0   0   0   0   0   0   1   0
7    0   0   0   0   0   0   0   0   0   1
8    0   0   0   0   0   0   0   0   0   0
9    0   0   0   0   0   0   0   0   0   0
10   0   0   0   0   0   0   0   0   0   0
;

x[i,j,21] [*,*]
:    1   2   3   4   5   6   7   8   9  10    :=
1    0   0   1   0   0   0   0   0   0   0
2    0   0   0   1   0   0   0   0   0   0
3    0   0   0   0   0   0   0   0   0   0
4    0   0   0   0   0   0   0   0   0   0
5    0   0   0   0   0   0   0   1   0   0
6    0   0   0   0   0   0   0   0   1   0
7    0   0   0   0   0   0   0   0   0   1
8    0   0   0   0   0   0   0   0   0   0
9    0   0   0   0   0   0   0   0   0   0
10   0   0   0   0   0   0   0   0   0   0
;

x[i,j,22] [*,*]
:    1   2   3   4   5   6   7   8   9  10    :=
1    0   0   0   1   0   0   0   0   0   0
2    0   0   1   0   0   0   0   0   0   0
3    0   0   0   0   0   0   0   0   0   0
4    0   0   0   0   0   0   0   0   0   0
5    0   0   0   0   0   1   0   0   0   0
6    0   0   0   0   0   0   0   0   0   0
7    0   0   0   0   0   0   0   0   0   1
8    0   0   0   0   0   0   0   0   1   0
9    0   0   0   0   0   0   0   0   0   0
10   0   0   0   0   0   0   0   0   0   0
;

x[i,j,23] [*,*]
:    1   2   3   4   5   6   7   8   9  10    :=
1    0   0   0   1   0   0   0   0   0   0
2    0   0   0   0   1   0   0   0   0   0
3    0   0   0   0   0   0   1   0   0   0
4    0   0   0   0   0   0   0   0   0   0
5    0   0   0   0   0   0   0   0   0   0
6    0   0   0   0   0   0   0   0   1   0
7    0   0   0   0   0   0   0   0   0   0
8    0   0   0   0   0   0   0   0   0   1
9    0   0   0   0   0   0   0   0   0   0
10   0   0   0   0   0   0   0   0   0   0
;

x[i,j,24] [*,*]
:    1   2   3   4   5   6   7   8   9  10    :=
1    0   0   0   0   0   1   0   0   0   0
2    0   0   0   1   0   0   0   0   0   0
3    0   0   0   0   1   0   0   0   0   0
4    0   0   0   0   0   0   0   0   0   0
5    0   0   0   0   0   0   0   0   0   0
6    0   0   0   0   0   0   0   0   0   0
7    0   0   0   0   0   0   0   0   0   1
8    0   0   0   0   0   0   0   0   1   0
9    0   0   0   0   0   0   0   0   0   0
10   0   0   0   0   0   0   0   0   0   0
;

x[i,j,25] [*,*]
:    1   2   3   4   5   6   7   8   9  10    :=
1    0   1   0   0   0   0   0   0   0   0
2    0   0   0   0   0   0   0   0   0   0
3    0   0   0   1   0   0   0   0   0   0
4    0   0   0   0   0   0   0   0   0   0
5    0   0   0   0   0   0   1   0   0   0
6    0   0   0   0   0   0   0   0   1   0
7    0   0   0   0   0   0   0   0   0   0
8    0   0   0   0   0   0   0   0   0   1
9    0   0   0   0   0   0   0   0   0   0
10   0   0   0   0   0   0   0   0   0   0
;

x[i,j,26] [*,*]
:    1   2   3   4   5   6   7   8   9  10    :=
1    0   0   0   0   1   0   0   0   0   0
2    0   0   1   0   0   0   0   0   0   0
3    0   0   0   0   0   0   0   0   0   0
4    0   0   0   0   0   0   0   0   0   1
5    0   0   0   0   0   0   0   0   0   0
6    0   0   0   0   0   0   1   0   0   0
7    0   0   0   0   0   0   0   0   0   0
8    0   0   0   0   0   0   0   0   1   0
9    0   0   0   0   0   0   0   0   0   0
10   0   0   0   0   0   0   0   0   0   0
;

x[i,j,27] [*,*]
:    1   2   3   4   5   6   7   8   9  10    :=
1    0   0   0   0   1   0   0   0   0   0
2    0   0   0   0   0   0   0   0   1   0
3    0   0   0   1   0   0   0   0   0   0
4    0   0   0   0   0   0   0   0   0   0
5    0   0   0   0   0   0   0   0   0   0
6    0   0   0   0   0   0   0   1   0   0
7    0   0   0   0   0   0   0   0   0   1
8    0   0   0   0   0   0   0   0   0   0
9    0   0   0   0   0   0   0   0   0   0
10   0   0   0   0   0   0   0   0   0   0
;

x[i,j,28] [*,*]
:    1   2   3   4   5   6   7   8   9  10    :=
1    0   1   0   0   0   0   0   0   0   0
2    0   0   0   0   0   0   0   0   0   0
3    0   0   0   0   1   0   0   0   0   0
4    0   0   0   0   0   0   0   0   0   1
5    0   0   0   0   0   0   0   0   0   0
6    0   0   0   0   0   0   0   0   1   0
7    0   0   0   0   0   0   0   1   0   0
8    0   0   0   0   0   0   0   0   0   0
9    0   0   0   0   0   0   0   0   0   0
10   0   0   0   0   0   0   0   0   0   0
;

x[i,j,29] [*,*]
:    1   2   3   4   5   6   7   8   9  10    :=
1    0   0   0   0   0   0   0   0   0   1
2    0   0   0   0   1   0   0   0   0   0
3    0   0   0   1   0   0   0   0   0   0
4    0   0   0   0   0   0   0   0   0   0
5    0   0   0   0   0   0   0   0   0   0
6    0   0   0   0   0   0   1   0   0   0
7    0   0   0   0   0   0   0   0   0   0
8    0   0   0   0   0   0   0   0   1   0
9    0   0   0   0   0   0   0   0   0   0
10   0   0   0   0   0   0   0   0   0   0
;

x[i,j,30] [*,*]
:    1   2   3   4   5   6   7   8   9  10    :=
1    0   0   1   0   0   0   0   0   0   0
2    0   0   0   0   0   0   0   0   1   0
3    0   0   0   0   0   0   0   0   0   0
4    0   0   0   0   1   0   0   0   0   0
5    0   0   0   0   0   0   0   0   0   0
6    0   0   0   0   0   0   0   1   0   0
7    0   0   0   0   0   0   0   0   0   1
8    0   0   0   0   0   0   0   0   0   0
9    0   0   0   0   0   0   0   0   0   0
10   0   0   0   0   0   0   0   0   0   0
;

x[i,j,31] [*,*]
:    1   2   3   4   5   6   7   8   9  10    :=
1    0   0   0   0   1   0   0   0   0   0
2    0   0   1   0   0   0   0   0   0   0
3    0   0   0   0   0   0   0   0   0   0
4    0   0   0   0   0   0   0   1   0   0
5    0   0   0   0   0   0   0   0   0   0
6    0   0   0   0   0   0   0   0   0   1
7    0   0   0   0   0   0   0   0   1   0
8    0   0   0   0   0   0   0   0   0   0
9    0   0   0   0   0   0   0   0   0   0
10   0   0   0   0   0   0   0   0   0   0
;

x[i,j,32] [*,*]
:    1   2   3   4   5   6   7   8   9  10    :=
1    0   0   1   0   0   0   0   0   0   0
2    0   0   0   0   0   0   0   0   1   0
3    0   0   0   0   0   0   0   0   0   0
4    0   0   0   0   1   0   0   0   0   0
5    0   0   0   0   0   0   0   0   0   0
6    0   0   0   0   0   0   0   0   0   1
7    0   0   0   0   0   0   0   1   0   0
8    0   0   0   0   0   0   0   0   0   0
9    0   0   0   0   0   0   0   0   0   0
10   0   0   0   0   0   0   0   0   0   0
;

x[i,j,1] :=
1 8    1
2 10   1
3 7    1
4 6    1
5 9    1
;

x[i,j,2] :=
1 6    1
2 7    1
3 9    1
4 8    1
5 10   1
;

x[i,j,3] :=
1 10   1
2 9    1
3 8    1
4 6    1
5 7    1
;

x[i,j,4] :=
1 10   1
2 6    1
3 9    1
4 7    1
5 8    1
;

x[i,j,5] :=
1 8    1
2 6    1
3 10   1
4 9    1
5 7    1
;

x[i,j,6] :=
1 9    1
2 6    1
3 8    1
4 7    1
5 10   1
;

x[i,j,7] :=
1 6    1
2 8    1
3 10   1
4 7    1
5 9    1
;

x[i,j,8] :=
1 9    1
2 8    1
3 10   1
4 7    1
5 6    1
;

x[i,j,9] :=
1 8    1
2 7    1
3 10   1
4 9    1
5 6    1
;

x[i,j,10] :=
1 8    1
2 10   1
3 9    1
4 6    1
5 7    1
;

x[i,j,11] :=
1 9    1
2 7    1
3 8    1
4 6    1
5 10   1
;

x[i,j,12] :=
1 7    1
2 8    1
3 6    1
4 9    1
5 10   1
;

x[i,j,13] :=
1 7    1
2 10   1
3 6    1
4 9    1
5 8    1
;

x[i,j,14] :=
1 10   1
2 6    1
3 7    1
4 8    1
5 9    1
;

x[i,j,15] :=
1 7    1
2 10   1
3 6    1
4 8    1
5 9    1
;

x[i,j,16] :=
1 6    1
2 7    1
3 9    1
4 10   1
5 8    1
;

x[i,j,17] :=
1 9    1
2 8    1
3 7    1
4 10   1
5 6    1
;

x[i,j,18] :=
1 7    1
2 4    1
3 5    1
6 8    1
9 10   1
;

x[i,j,19] :=
1 4    1
2 5    1
3 6    1
7 10   1
8 9    1
;

x[i,j,20] :=
1 2    1
3 8    1
4 5    1
6 9    1
7 10   1
;

x[i,j,21] :=
1 3    1
2 4    1
5 8    1
6 9    1
7 10   1
;

x[i,j,22] :=
1 4    1
2 3    1
5 6    1
7 10   1
8 9    1
;

x[i,j,23] :=
1 4    1
2 5    1
3 7    1
6 9    1
8 10   1
;

x[i,j,24] :=
1 6    1
2 4    1
3 5    1
7 10   1
8 9    1
;

x[i,j,25] :=
1 2    1
3 4    1
5 7    1
6 9    1
8 10   1
;

x[i,j,26] :=
1 5    1
2 3    1
4 10   1
6 7    1
8 9    1
;

x[i,j,27] :=
1 5    1
2 9    1
3 4    1
6 8    1
7 10   1
;

x[i,j,28] :=
1 2    1
3 5    1
4 10   1
6 9    1
7 8    1
;

x[i,j,29] :=
1 10   1
2 5    1
3 4    1
6 7    1
8 9    1
;

x[i,j,30] :=
1 3    1
2 9    1
4 5    1
6 8    1
7 10   1
;

x[i,j,31] :=
1 5    1
2 3    1
4 8    1
6 10   1
7 9    1
;

x[i,j,32] :=
1 3    1
2 9    1
4 5    1
6 10   1
7 8    1
;
