x[i,j,1] [*,*]
:   1   2   3   4   5   6    :=
1   0   0   0   0   1   0
2   0   0   0   0   0   1
3   0   0   0   1   0   0
4   0   0   0   0   0   0
5   0   0   0   0   0   0
6   0   0   0   0   0   0
;

x[i,j,2] [*,*]
:   1   2   3   4   5   6    :=
1   0   0   0   1   0   0
2   0   0   0   0   1   0
3   0   0   0   0   0   1
4   0   0   0   0   0   0
5   0   0   0   0   0   0
6   0   0   0   0   0   0
;

x[i,j,3] [*,*]
:   1   2   3   4   5   6    :=
1   0   0   0   0   1   0
2   0   0   0   1   0   0
3   0   0   0   0   0   1
4   0   0   0   0   0   0
5   0   0   0   0   0   0
6   0   0   0   0   0   0
;

x[i,j,4] [*,*]
:   1   2   3   4   5   6    :=
1   0   0   0   0   0   1
2   0   0   0   1   0   0
3   0   0   0   0   1   0
4   0   0   0   0   0   0
5   0   0   0   0   0   0
6   0   0   0   0   0   0
;

x[i,j,5] [*,*]
:   1   2   3   4   5   6    :=
1   0   0   0   0   0   1
2   0   0   0   0   1   0
3   0   0   0   1   0   0
4   0   0   0   0   0   0
5   0   0   0   0   0   0
6   0   0   0   0   0   0
;

x[i,j,6] [*,*]
:   1   2   3   4   5   6    :=
1   0   0   0   0   1   0
2   0   0   0   1   0   0
3   0   0   0   0   0   1
4   0   0   0   0   0   0
5   0   0   0   0   0   0
6   0   0   0   0   0   0
;

x[i,j,7] [*,*]
:   1   2   3   4   5   6    :=
1   0   0   0   1   0   0
2   0   0   0   0   0   1
3   0   0   0   0   1   0
4   0   0   0   0   0   0
5   0   0   0   0   0   0
6   0   0   0   0   0   0
;

x[i,j,8] [*,*]
:   1   2   3   4   5   6    :=
1   0   1   0   0   0   0
2   0   0   0   0   0   0
3   0   0   0   0   1   0
4   0   0   0   0   0   1
5   0   0   0   0   0   0
6   0   0   0   0   0   0
;

x[i,j,9] [*,*]
:   1   2   3   4   5   6    :=
1   0   0   1   0   0   0
2   0   0   0   0   0   1
3   0   0   0   0   0   0
4   0   0   0   0   1   0
5   0   0   0   0   0   0
6   0   0   0   0   0   0
;

x[i,j,10] [*,*]
:   1   2   3   4   5   6    :=
1   0   1   0   0   0   0
2   0   0   0   0   0   0
3   0   0   0   1   0   0
4   0   0   0   0   0   0
5   0   0   0   0   0   1
6   0   0   0   0   0   0
;

x[i,j,11] [*,*]
:   1   2   3   4   5   6    :=
1   0   0   0   0   0   1
2   0   0   1   0   0   0
3   0   0   0   0   0   0
4   0   0   0   0   1   0
5   0   0   0   0   0   0
6   0   0   0   0   0   0
;

x[i,j,12] [*,*]
:   1   2   3   4   5   6    :=
1   0   0   1   0   0   0
2   0   0   0   0   1   0
3   0   0   0   0   0   0
4   0   0   0   0   0   1
5   0   0   0   0   0   0
6   0   0   0   0   0   0
;

x[i,j,13] [*,*]
:   1   2   3   4   5   6    :=
1   0   0   0   1   0   0
2   0   0   1   0   0   0
3   0   0   0   0   0   0
4   0   0   0   0   0   0
5   0   0   0   0   0   1
6   0   0   0   0   0   0
;
