ampl: include prac.run;
CPLEX 12.7.1.0: optimal integer solution; objective 131040
245 MIP simplex iterations
0 branch-and-bound nodes

x[i,j,1] [*,*]
:   1   2   3   4   5   6   7   8    :=
1   0   0   0   0   0   0   0   1
2   0   0   0   0   1   0   0   0
3   0   0   0   0   0   1   0   0
4   0   0   0   0   0   0   1   0
5   0   0   0   0   0   0   0   0
6   0   0   0   0   0   0   0   0
7   0   0   0   0   0   0   0   0
8   0   0   0   0   0   0   0   0
;

x[i,j,2] [*,*]
:   1   2   3   4   5   6   7   8    :=
1   0   0   0   0   0   0   1   0
2   0   0   0   0   0   1   0   0
3   0   0   0   0   0   0   0   1
4   0   0   0   0   1   0   0   0
5   0   0   0   0   0   0   0   0
6   0   0   0   0   0   0   0   0
7   0   0   0   0   0   0   0   0
8   0   0   0   0   0   0   0   0
;

x[i,j,3] [*,*]
:   1   2   3   4   5   6   7   8    :=
1   0   0   0   0   1   0   0   0
2   0   0   0   0   0   0   0   1
3   0   0   0   0   0   0   1   0
4   0   0   0   0   0   1   0   0
5   0   0   0   0   0   0   0   0
6   0   0   0   0   0   0   0   0
7   0   0   0   0   0   0   0   0
8   0   0   0   0   0   0   0   0
;

x[i,j,4] [*,*]
:   1   2   3   4   5   6   7   8    :=
1   0   0   0   0   0   1   0   0
2   0   0   0   0   0   0   1   0
3   0   0   0   0   1   0   0   0
4   0   0   0   0   0   0   0   1
5   0   0   0   0   0   0   0   0
6   0   0   0   0   0   0   0   0
7   0   0   0   0   0   0   0   0
8   0   0   0   0   0   0   0   0
;

x[i,j,5] [*,*]
:   1   2   3   4   5   6   7   8    :=
1   0   0   1   0   0   0   0   0
2   0   0   0   1   0   0   0   0
3   0   0   0   0   0   0   0   0
4   0   0   0   0   0   0   0   0
5   0   0   0   0   0   0   0   1
6   0   0   0   0   0   0   1   0
7   0   0   0   0   0   0   0   0
8   0   0   0   0   0   0   0   0
;

x[i,j,6] [*,*]
:   1   2   3   4   5   6   7   8    :=
1   0   1   0   0   0   0   0   0
2   0   0   0   0   0   0   0   0
3   0   0   0   1   0   0   0   0
4   0   0   0   0   0   0   0   0
5   0   0   0   0   0   0   1   0
6   0   0   0   0   0   0   0   1
7   0   0   0   0   0   0   0   0
8   0   0   0   0   0   0   0   0
;

x[i,j,7] [*,*]
:   1   2   3   4   5   6   7   8    :=
1   0   0   0   1   0   0   0   0
2   0   0   1   0   0   0   0   0
3   0   0   0   0   0   0   0   0
4   0   0   0   0   0   0   0   0
5   0   0   0   0   0   1   0   0
6   0   0   0   0   0   0   0   0
7   0   0   0   0   0   0   0   1
8   0   0   0   0   0   0   0   0
;

x[i,j,8] [*,*]
:   1   2   3   4   5   6   7   8    :=
1   0   0   0   1   0   0   0   0
2   0   0   1   0   0   0   0   0
3   0   0   0   0   0   0   0   0
4   0   0   0   0   0   0   0   0
5   0   0   0   0   0   0   1   0
6   0   0   0   0   0   0   0   1
7   0   0   0   0   0   0   0   0
8   0   0   0   0   0   0   0   0
;

x[i,j,9] [*,*]
:   1   2   3   4   5   6   7   8    :=
1   0   1   0   0   0   0   0   0
2   0   0   0   0   0   0   0   0
3   0   0   0   1   0   0   0   0
4   0   0   0   0   0   0   0   0
5   0   0   0   0   0   1   0   0
6   0   0   0   0   0   0   0   0
7   0   0   0   0   0   0   0   1
8   0   0   0   0   0   0   0   0
;

x[i,j,10] [*,*]
:   1   2   3   4   5   6   7   8    :=
1   0   0   1   0   0   0   0   0
2   0   0   0   1   0   0   0   0
3   0   0   0   0   0   0   0   0
4   0   0   0   0   0   0   0   0
5   0   0   0   0   0   0   0   1
6   0   0   0   0   0   0   1   0
7   0   0   0   0   0   0   0   0
8   0   0   0   0   0   0   0   0
;

x[i,j,11] [*,*]
:   1   2   3   4   5   6   7   8    :=
1   0   0   0   1   0   0   0   0
2   0   0   1   0   0   0   0   0
3   0   0   0   0   0   0   0   0
4   0   0   0   0   0   0   0   0
5   0   0   0   0   0   0   1   0
6   0   0   0   0   0   0   0   1
7   0   0   0   0   0   0   0   0
8   0   0   0   0   0   0   0   0
;

x[i,j,12] [*,*]
:   1   2   3   4   5   6   7   8    :=
1   0   1   0   0   0   0   0   0
2   0   0   0   0   0   0   0   0
3   0   0   0   1   0   0   0   0
4   0   0   0   0   0   0   0   0
5   0   0   0   0   0   0   1   0
6   0   0   0   0   0   0   0   1
7   0   0   0   0   0   0   0   0
8   0   0   0   0   0   0   0   0
;

x[i,j,13] [*,*]
:   1   2   3   4   5   6   7   8    :=
1   0   0   1   0   0   0   0   0
2   0   0   0   1   0   0   0   0
3   0   0   0   0   0   0   0   0
4   0   0   0   0   0   0   0   0
5   0   0   0   0   0   0   1   0
6   0   0   0   0   0   0   0   1
7   0   0   0   0   0   0   0   0
8   0   0   0   0   0   0   0   0
;

x[i,j,14] [*,*]
:   1   2   3   4   5   6   7   8    :=
1   0   0   0   1   0   0   0   0
2   0   0   1   0   0   0   0   0
3   0   0   0   0   0   0   0   0
4   0   0   0   0   0   0   0   0
5   0   0   0   0   0   0   1   0
6   0   0   0   0   0   0   0   1
7   0   0   0   0   0   0   0   0
8   0   0   0   0   0   0   0   0
;

x[i,j,15] [*,*]
:   1   2   3   4   5   6   7   8    :=
1   0   0   1   0   0   0   0   0
2   0   0   0   1   0   0   0   0
3   0   0   0   0   0   0   0   0
4   0   0   0   0   0   0   0   0
5   0   0   0   0   0   0   1   0
6   0   0   0   0   0   0   0   1
7   0   0   0   0   0   0   0   0
8   0   0   0   0   0   0   0   0
;

x[i,j,16] [*,*]
:   1   2   3   4   5   6   7   8    :=
1   0   1   0   0   0   0   0   0
2   0   0   0   0   0   0   0   0
3   0   0   0   1   0   0   0   0
4   0   0   0   0   0   0   0   0
5   0   0   0   0   0   0   1   0
6   0   0   0   0   0   0   0   1
7   0   0   0   0   0   0   0   0
8   0   0   0   0   0   0   0   0
;

--------------------------------------------------

x[i,j,1] :=
1 8   1
2 5   1
3 6   1
4 7   1
;

x[i,j,2] :=
1 7   1
2 6   1
3 8   1
4 5   1
;

x[i,j,3] :=
1 5   1
2 8   1
3 7   1
4 6   1
;

x[i,j,4] :=
1 6   1
2 7   1
3 5   1
4 8   1
;

x[i,j,5] :=
1 3   1
2 4   1
5 8   1
6 7   1
;

x[i,j,6] :=
1 2   1
3 4   1
5 7   1
6 8   1
;

x[i,j,7] :=
1 4   1
2 3   1
5 6   1
7 8   1
;

x[i,j,8] :=
1 4   1
2 3   1
5 7   1
6 8   1
;

x[i,j,9] :=
1 2   1
3 4   1
5 6   1
7 8   1
;

x[i,j,10] :=
1 3   1
2 4   1
5 8   1
6 7   1
;

x[i,j,11] :=
1 4   1
2 3   1
5 7   1
6 8   1
;

x[i,j,12] :=
1 2   1
3 4   1
5 7   1
6 8   1
;

x[i,j,13] :=
1 3   1
2 4   1
5 7   1
6 8   1
;

x[i,j,14] :=
1 4   1
2 3   1
5 7   1
6 8   1
;

x[i,j,15] :=
1 3   1
2 4   1
5 7   1
6 8   1
;

x[i,j,16] :=
1 2   1
3 4   1
5 7   1
6 8   1
;
