:         x              y           :=
0        0        1e-12
1        0.0001       3.11859e-06
2        0.0004       0.000163937
3        0.0009       0.000859794
4        0.0016       0.00234565
5        0.0025       0.00479226
6        0.0036       0.00833016
7        0.0049       0.0130643
8        0.0064       0.0190809
9        0.0081       0.0264518
10       0.01         0.0352364
11       0.0121       0.0454844
12       0.0144       0.0572365
13       0.0169       0.0705258
14       0.0196       0.0853784
15       0.0225       0.101815
16       0.0256       0.119849
17       0.0289       0.139492
18       0.0324       0.160748
19       0.0361       0.183618
20       0.04         0.2081
21       0.0441       0.234188
22       0.0484       0.261872
23       0.0529       0.29114
24       0.0576       0.321979
25       0.0625       0.354371
26       0.0676       0.388297
27       0.0729       0.423737
28       0.0784       0.460667
29       0.0841       0.499064
30       0.09         0.538902
31       0.0961       0.580156
32       0.1024       0.622796
33       0.1089       0.666795
34       0.1156       0.712125
35       0.1225       0.758754
36       0.1296       0.806654
37       0.1369       0.855794
38       0.1444       0.906142
39       0.1521       0.95767
40       0.16         1.01035
41       0.1681       1.06414
42       0.1764       1.11902
43       0.1849       1.17496
44       0.1936       1.23192
45       0.2025       1.28989
46       0.2116       1.34882
47       0.2209       1.40869
48       0.2304       1.46948
49       0.2401       1.53115
50       0.25         1.59368
51       0.2601       1.65705
52       0.2704       1.72122
53       0.2809       1.78618
54       0.2916       1.8519
55       0.3025       1.91835
56       0.3136       1.98552
57       0.3249       2.05339
58       0.3364       2.12192
59       0.3481       2.19111
60       0.36         2.26093
61       0.3721       2.33137
62       0.3844       2.4024
63       0.3969       2.47401
64       0.4096       2.54619
65       0.4225       2.61891
66       0.4356       2.69216
67       0.4489       2.76593
68       0.4624       2.8402
69       0.4761       2.91496
70       0.49         2.9902
71       0.5041       3.0659
72       0.5184       3.14205
73       0.5329       3.21865
74       0.5476       3.29567
75       0.5625       3.37312
76       0.5776       3.45097
77       0.5929       3.52922
78       0.6084       3.60787
79       0.6241       3.68689
80       0.64         3.7663
81       0.6561       3.84606
82       0.6724       3.92619
83       0.6889       4.00666
84       0.7056       4.08748
85       0.7225       4.16864
86       0.7396       4.25013
87       0.7569       4.33194
88       0.7744       4.41407
89       0.7921       4.49651
90       0.81         4.57926
91       0.8281       4.66232
92       0.8464       4.74566
93       0.8649       4.82931
94       0.8836       4.91324
95       0.9025       4.99745
96       0.9216       5.08194
97       0.9409       5.1667
98       0.9604       5.25174
99       0.9801       5.33704
100      1            5.4226
101      1.0201       5.50843
102      1.0404       5.59451
103      1.0609       5.68084
104      1.0816       5.76742
105      1.1025       5.85424
106      1.1236       5.94131
107      1.1449       6.02862
108      1.1664       6.11616
109      1.1881       6.20394
110      1.21         6.29195
111      1.2321       6.38019
112      1.2544       6.46866
113      1.2769       6.55735
114      1.2996       6.64626
115      1.3225       6.73539
116      1.3456       6.82474
117      1.3689       6.9143
118      1.3924       7.00407
119      1.4161       7.09405
120      1.44         7.18425
121      1.4641       7.27464
122      1.4884       7.36525
123      1.5129       7.45605
124      1.5376       7.54706
125      1.5625       7.63826
126      1.5876       7.72966
127      1.6129       7.82126
128      1.6384       7.91305
129      1.6641       8.00503
130      1.69         8.0972
131      1.7161       8.18956
132      1.7424       8.28211
133      1.7689       8.37484
134      1.7956       8.46776
135      1.8225       8.56086
136      1.8496       8.65414
137      1.8769       8.74759
138      1.9044       8.84123
139      1.9321       8.93505
140      1.96         9.02904
141      1.9881       9.1232
142      2.0164       9.21754
143      2.0449       9.31204
144      2.0736       9.40672
145      2.1025       9.50157
146      2.1316       9.59659
147      2.1609       9.69177
148      2.1904       9.78711
149      2.2201       9.88263
150      2.25         9.9783
151      2.2801      10.0741
152      2.3104      10.1701
153      2.3409      10.2663
154      2.3716      10.3626
155      2.4025      10.4591
156      2.4336      10.5557
157      2.4649      10.6525
158      2.4964      10.7494
159      2.5281      10.8465
160      2.56        10.9438
161      2.5921      11.0412
162      2.6244      11.1387
163      2.6569      11.2364
164      2.6896      11.3342
165      2.7225      11.4322
166      2.7556      11.5304
167      2.7889      11.6286
168      2.8224      11.7271
169      2.8561      11.8256
170      2.89        11.9243
171      2.9241      12.0232
172      2.9584      12.1222
173      2.9929      12.2213
174      3.0276      12.3206
175      3.0625      12.42
176      3.0976      12.5195
177      3.1329      12.6192
178      3.1684      12.719
179      3.2041      12.819
180      3.24        12.9191
181      3.2761      13.0193
182      3.3124      13.1197
183      3.3489      13.2201
184      3.3856      13.3208
185      3.4225      13.4215
186      3.4596      13.5224
187      3.4969      13.6234
188      3.5344      13.7245
189      3.5721      13.8258
190      3.61        13.9271
191      3.6481      14.0286
192      3.6864      14.1303
193      3.7249      14.232
194      3.7636      14.3339
195      3.8025      14.4359
196      3.8416      14.538
197      3.8809      14.6403
198      3.9204      14.7426
199      3.9601      14.8451
200      4           14.9477
201      4.0401      15.0504
202      4.0804      15.1533
203      4.1209      15.2562
204      4.1616      15.3593
205      4.2025      15.4624
206      4.2436      15.5657
207      4.2849      15.6691
208      4.3264      15.7727
209      4.3681      15.8763
210      4.41        15.98
211      4.4521      16.0839
212      4.4944      16.1879
213      4.5369      16.2919
214      4.5796      16.3961
215      4.6225      16.5004
216      4.6656      16.6048
217      4.7089      16.7093
218      4.7524      16.8139
219      4.7961      16.9186
220      4.84        17.0235
221      4.8841      17.1284
222      4.9284      17.2334
223      4.9729      17.3385
224      5.0176      17.4438
225      5.0625      17.5491
226      5.1076      17.6546
227      5.1529      17.7601
228      5.1984      17.8657
229      5.2441      17.9715
230      5.29        18.0773
231      5.3361      18.1833
232      5.3824      18.2893
233      5.4289      18.3954
234      5.4756      18.5016
235      5.5225      18.608
236      5.5696      18.7144
237      5.6169      18.8209
238      5.6644      18.9275
239      5.7121      19.0342
240      5.76        19.141
241      5.8081      19.2479
242      5.8564      19.3549
243      5.9049      19.4619
244      5.9536      19.5691
245      6.0025      19.6764
246      6.0516      19.7837
247      6.1009      19.8911
248      6.1504      19.9986
249      6.2001      20.1063
250      6.25        20.214
251      6.3001      20.3217
252      6.3504      20.4296
253      6.4009      20.5376
254      6.4516      20.6456
255      6.5025      20.7537
256      6.5536      20.8619
257      6.6049      20.9702
258      6.6564      21.0786
259      6.7081      21.187
260      6.76        21.2956
261      6.8121      21.4042
262      6.8644      21.5129
263      6.9169      21.6217
264      6.9696      21.7306
265      7.0225      21.8395
266      7.0756      21.9485
267      7.1289      22.0576
268      7.1824      22.1668
269      7.2361      22.2761
270      7.29        22.3854
271      7.3441      22.4948
272      7.3984      22.6043
273      7.4529      22.7139
274      7.5076      22.8235
275      7.5625      22.9332
276      7.6176      23.043
277      7.6729      23.1528
278      7.7284      23.2628
279      7.7841      23.3728
280      7.84        23.4829
281      7.8961      23.593
282      7.9524      23.7032
283      8.0089      23.8135
284      8.0656      23.9239
285      8.1225      24.0343
286      8.1796      24.1448
287      8.2369      24.2554
288      8.2944      24.366
289      8.3521      24.4767
290      8.41        24.5875
291      8.4681      24.6983
292      8.5264      24.8093
293      8.5849      24.9202
294      8.6436      25.0313
295      8.7025      25.1424
296      8.7616      25.2535
297      8.8209      25.3648
298      8.8804      25.4761
299      8.9401      25.5874
300      9           25.6989
301      9.0601      25.8103
302      9.1204      25.9219
303      9.1809      26.0335
304      9.2416      26.1452
305      9.3025      26.2569
306      9.3636      26.3687
307      9.4249      26.4805
308      9.4864      26.5925
309      9.5481      26.7044
310      9.61        26.8165
311      9.6721      26.9285
312      9.7344      27.0407
313      9.7969      27.1529
314      9.8596      27.2651
315      9.9225      27.3775
316      9.9856      27.4898
317     10.0489      27.6023
318     10.1124      27.7147
319     10.1761      27.8273
320     10.24        27.9399
321     10.3041      28.0525
322     10.3684      28.1652
323     10.4329      28.278
324     10.4976      28.3908
325     10.5625      28.5036
326     10.6276      28.6165
327     10.6929      28.7295
328     10.7584      28.8425
329     10.8241      28.9556
330     10.89        29.0687
331     10.9561      29.1818
332     11.0224      29.295
333     11.0889      29.4083
334     11.1556      29.5216
335     11.2225      29.635
336     11.2896      29.7484
337     11.3569      29.8618
338     11.4244      29.9753
339     11.4921      30.0889
340     11.56        30.2025
341     11.6281      30.3161
342     11.6964      30.4298
343     11.7649      30.5435
344     11.8336      30.6573
345     11.9025      30.7711
346     11.9716      30.8849
347     12.0409      30.9988
348     12.1104      31.1128
349     12.1801      31.2268
350     12.25        31.3408
351     12.3201      31.4549
352     12.3904      31.569
353     12.4609      31.6831
354     12.5316      31.7973
355     12.6025      31.9116
356     12.6736      32.0258
357     12.7449      32.1402
358     12.8164      32.2545
359     12.8881      32.3689
360     12.96        32.4833
361     13.0321      32.5978
362     13.1044      32.7123
363     13.1769      32.8269
364     13.2496      32.9414
365     13.3225      33.0561
366     13.3956      33.1707
367     13.4689      33.2854
368     13.5424      33.4001
369     13.6161      33.5149
370     13.69        33.6297
371     13.7641      33.7445
372     13.8384      33.8594
373     13.9129      33.9743
374     13.9876      34.0892
375     14.0625      34.2041
376     14.1376      34.3191
377     14.2129      34.4342
378     14.2884      34.5492
379     14.3641      34.6643
380     14.44        34.7794
381     14.5161      34.8946
382     14.5924      35.0098
383     14.6689      35.125
384     14.7456      35.2402
385     14.8225      35.3555
386     14.8996      35.4708
387     14.9769      35.5861
388     15.0544      35.7015
389     15.1321      35.8169
390     15.21        35.9323
391     15.2881      36.0477
392     15.3664      36.1632
393     15.4449      36.2787
394     15.5236      36.3942
395     15.6025      36.5097
396     15.6816      36.6253
397     15.7609      36.7409
398     15.8404      36.8565
399     15.9201      36.9721
400     16           37.0878
401     16.0801      37.2035
402     16.1604      37.3192
403     16.2409      37.4349
404     16.3216      37.5507
405     16.4025      37.6665
406     16.4836      37.7823
407     16.5649      37.8981
408     16.6464      38.0139
409     16.7281      38.1298
410     16.81        38.2457
411     16.8921      38.3616
412     16.9744      38.4775
413     17.0569      38.5935
414     17.1396      38.7094
415     17.2225      38.8254
416     17.3056      38.9414
417     17.3889      39.0574
418     17.4724      39.1735
419     17.5561      39.2895
420     17.64        39.4056
421     17.7241      39.5217
422     17.8084      39.6378
423     17.8929      39.7539
424     17.9776      39.8701
425     18.0625      39.9862
426     18.1476      40.1024
427     18.2329      40.2186
428     18.3184      40.3348
429     18.4041      40.451
430     18.49        40.5672
431     18.5761      40.6834
432     18.6624      40.7997
433     18.7489      40.9159
434     18.8356      41.0322
435     18.9225      41.1485
436     19.0096      41.2648
437     19.0969      41.3811
438     19.1844      41.4974
439     19.2721      41.6138
440     19.36        41.7301
441     19.4481      41.8465
442     19.5364      41.9628
443     19.6249      42.0792
444     19.7136      42.1956
445     19.8025      42.312
446     19.8916      42.4284
447     19.9809      42.5448
448     20.0704      42.6612
449     20.1601      42.7777
450     20.25        42.8941
451     20.3401      43.0105
452     20.4304      43.127
453     20.5209      43.2434
454     20.6116      43.3599
455     20.7025      43.4764
456     20.7936      43.5928
457     20.8849      43.7093
458     20.9764      43.8258
459     21.0681      43.9423
460     21.16        44.0588
461     21.2521      44.1752
462     21.3444      44.2917
463     21.4369      44.4082
464     21.5296      44.5247
465     21.6225      44.6412
466     21.7156      44.7578
467     21.8089      44.8743
468     21.9024      44.9908
469     21.9961      45.1073
470     22.09        45.2238
471     22.1841      45.3403
472     22.2784      45.4568
473     22.3729      45.5733
474     22.4676      45.6899
475     22.5625      45.8064
476     22.6576      45.9229
477     22.7529      46.0394
478     22.8484      46.1559
479     22.9441      46.2724
480     23.04        46.3889
481     23.1361      46.5054
482     23.2324      46.6219
483     23.3289      46.7384
484     23.4256      46.8549
485     23.5225      46.9714
486     23.6196      47.0879
487     23.7169      47.2044
488     23.8144      47.3209
489     23.9121      47.4373
490     24.01        47.5538
491     24.1081      47.6703
492     24.2064      47.7867
493     24.3049      47.9032
494     24.4036      48.0196
495     24.5025      48.1361
496     24.6016      48.2525
497     24.7009      48.3689
498     24.8004      48.4854
499     24.9001      48.6018
500     25           48.7182
501     25.1001      48.8346
502     25.2004      48.951
503     25.3009      49.0673
504     25.4016      49.1837
505     25.5025      49.3001
506     25.6036      49.4164
507     25.7049      49.5327
508     25.8064      49.6491
509     25.9081      49.7654
510     26.01        49.8817
511     26.1121      49.998
512     26.2144      50.1143
513     26.3169      50.2305
514     26.4196      50.3468
515     26.5225      50.463
516     26.6256      50.5793
517     26.7289      50.6955
518     26.8324      50.8117
519     26.9361      50.9279
520     27.04        51.0441
521     27.1441      51.1602
522     27.2484      51.2764
523     27.3529      51.3925
524     27.4576      51.5087
525     27.5625      51.6248
526     27.6676      51.7408
527     27.7729      51.8569
528     27.8784      51.973
529     27.9841      52.089
530     28.09        52.205
531     28.1961      52.321
532     28.3024      52.437
533     28.4089      52.553
534     28.5156      52.669
535     28.6225      52.7849
536     28.7296      52.9008
537     28.8369      53.0167
538     28.9444      53.1326
539     29.0521      53.2484
540     29.16        53.3643
541     29.2681      53.4801
542     29.3764      53.5959
543     29.4849      53.7117
544     29.5936      53.8274
545     29.7025      53.9432
546     29.8116      54.0589
547     29.9209      54.1746
548     30.0304      54.2902
549     30.1401      54.4059
550     30.25        54.5215
551     30.3601      54.6371
552     30.4704      54.7527
553     30.5809      54.8682
554     30.6916      54.9838
555     30.8025      55.0993
556     30.9136      55.2148
557     31.0249      55.3302
558     31.1364      55.4456
559     31.2481      55.5611
560     31.36        55.6764
561     31.4721      55.7918
562     31.5844      55.9071
563     31.6969      56.0224
564     31.8096      56.1377
565     31.9225      56.2529
566     32.0356      56.3682
567     32.1489      56.4834
568     32.2624      56.5985
569     32.3761      56.7137
570     32.49        56.8288
571     32.6041      56.9439
572     32.7184      57.0589
573     32.8329      57.1739
574     32.9476      57.2889
575     33.0625      57.4039
576     33.1776      57.5188
577     33.2929      57.6337
578     33.4084      57.7486
579     33.5241      57.8635
580     33.64        57.9783
581     33.7561      58.093
582     33.8724      58.2078
583     33.9889      58.3225
584     34.1056      58.4372
585     34.2225      58.5519
586     34.3396      58.6665
587     34.4569      58.7811
588     34.5744      58.8956
589     34.6921      59.0101
590     34.81        59.1246
591     34.9281      59.2391
592     35.0464      59.3535
593     35.1649      59.4679
594     35.2836      59.5822
595     35.4025      59.6965
596     35.5216      59.8108
597     35.6409      59.925
598     35.7604      60.0392
599     35.8801      60.1534
600     36           60.2675
601     36.1201      60.3816
602     36.2404      60.4957
603     36.3609      60.6097
604     36.4816      60.7237
605     36.6025      60.8376
606     36.7236      60.9515
607     36.8449      61.0654
608     36.9664      61.1792
609     37.0881      61.293
610     37.21        61.4067
611     37.3321      61.5204
612     37.4544      61.6341
613     37.5769      61.7477
614     37.6996      61.8613
615     37.8225      61.9749
616     37.9456      62.0884
617     38.0689      62.2018
618     38.1924      62.3153
619     38.3161      62.4286
620     38.44        62.542
621     38.5641      62.6553
622     38.6884      62.7685
623     38.8129      62.8817
624     38.9376      62.9949
625     39.0625      63.108
626     39.1876      63.2211
627     39.3129      63.3341
628     39.4384      63.4471
629     39.5641      63.56
630     39.69        63.6729
631     39.8161      63.7858
632     39.9424      63.8986
633     40.0689      64.0114
634     40.1956      64.1241
635     40.3225      64.2367
636     40.4496      64.3494
637     40.5769      64.4619
638     40.7044      64.5745
639     40.8321      64.687
640     40.96        64.7994
641     41.0881      64.9118
642     41.2164      65.0241
643     41.3449      65.1364
644     41.4736      65.2486
645     41.6025      65.3608
646     41.7316      65.473
647     41.8609      65.5851
648     41.9904      65.6971
649     42.1201      65.8091
650     42.25        65.921
651     42.3801      66.0329
652     42.5104      66.1448
653     42.6409      66.2565
654     42.7716      66.3683
655     42.9025      66.48
656     43.0336      66.5916
657     43.1649      66.7032
658     43.2964      66.8147
659     43.4281      66.9262
660     43.56        67.0376
661     43.6921      67.1489
662     43.8244      67.2603
663     43.9569      67.3715
664     44.0896      67.4827
665     44.2225      67.5939
666     44.3556      67.705
667     44.4889      67.816
668     44.6224      67.927
669     44.7561      68.0379
670     44.89        68.1488
671     45.0241      68.2596
672     45.1584      68.3704
673     45.2929      68.4811
674     45.4276      68.5917
675     45.5625      68.7023
676     45.6976      68.8128
677     45.8329      68.9233
678     45.9684      69.0337
679     46.1041      69.1441
680     46.24        69.2544
681     46.3761      69.3646
682     46.5124      69.4748
683     46.6489      69.5849
684     46.7856      69.695
685     46.9225      69.805
686     47.0596      69.9149
687     47.1969      70.0248
688     47.3344      70.1346
689     47.4721      70.2444
690     47.61        70.354
691     47.7481      70.4637
692     47.8864      70.5733
693     48.0249      70.6828
694     48.1636      70.7922
695     48.3025      70.9016
696     48.4416      71.0109
697     48.5809      71.1202
698     48.7204      71.2294
699     48.8601      71.3385
700     49           71.4476
701     49.1401      71.5566
702     49.2804      71.6655
703     49.4209      71.7744
704     49.5616      71.8832
705     49.7025      71.9919
706     49.8436      72.1006
707     49.9849      72.2092
708     50.1264      72.3177
709     50.2681      72.4262
710     50.41        72.5346
711     50.5521      72.643
712     50.6944      72.7512
713     50.8369      72.8594
714     50.9796      72.9676
715     51.1225      73.0757
716     51.2656      73.1837
717     51.4089      73.2916
718     51.5524      73.3995
719     51.6961      73.5072
720     51.84        73.615
721     51.9841      73.7226
722     52.1284      73.8302
723     52.2729      73.9377
724     52.4176      74.0452
725     52.5625      74.1525
726     52.7076      74.2598
727     52.8529      74.3671
728     52.9984      74.4742
729     53.1441      74.5813
730     53.29        74.6883
731     53.4361      74.7953
732     53.5824      74.9021
733     53.7289      75.0089
734     53.8756      75.1157
735     54.0225      75.2223
736     54.1696      75.3289
737     54.3169      75.4354
738     54.4644      75.5418
739     54.6121      75.6482
740     54.76        75.7544
741     54.9081      75.8606
742     55.0564      75.9668
743     55.2049      76.0728
744     55.3536      76.1788
745     55.5025      76.2847
746     55.6516      76.3905
747     55.8009      76.4962
748     55.9504      76.6019
749     56.1001      76.7075
750     56.25        76.813
751     56.4001      76.9184
752     56.5504      77.0238
753     56.7009      77.129
754     56.8516      77.2342
755     57.0025      77.3394
756     57.1536      77.4444
757     57.3049      77.5493
758     57.4564      77.6542
759     57.6081      77.759
760     57.76        77.8637
761     57.9121      77.9684
762     58.0644      78.0729
763     58.2169      78.1774
764     58.3696      78.2818
765     58.5225      78.3861
766     58.6756      78.4903
767     58.8289      78.5945
768     58.9824      78.6985
769     59.1361      78.8025
770     59.29        78.9064
771     59.4441      79.0102
772     59.5984      79.1139
773     59.7529      79.2176
774     59.9076      79.3211
775     60.0625      79.4246
776     60.2176      79.528
777     60.3729      79.6313
778     60.5284      79.7345
779     60.6841      79.8376
780     60.84        79.9407
781     60.9961      80.0436
782     61.1524      80.1465
783     61.3089      80.2493
784     61.4656      80.352
785     61.6225      80.4546
786     61.7796      80.5571
787     61.9369      80.6596
788     62.0944      80.7619
789     62.2521      80.8642
790     62.41        80.9663
791     62.5681      81.0684
792     62.7264      81.1704
793     62.8849      81.2723
794     63.0436      81.3741
795     63.2025      81.4758
796     63.3616      81.5775
797     63.5209      81.679
798     63.6804      81.7805
799     63.8401      81.8818
800     64           81.9831
801     64.1601      82.0842
802     64.3204      82.1853
803     64.4809      82.2863
804     64.6416      82.3872
805     64.8025      82.488
806     64.9636      82.5887
807     65.1249      82.6893
808     65.2864      82.7898
809     65.4481      82.8903
810     65.61        82.9906
811     65.7721      83.0908
812     65.9344      83.191
813     66.0969      83.291
814     66.2596      83.391
815     66.4225      83.4908
816     66.5856      83.5906
817     66.7489      83.6903
818     66.9124      83.7898
819     67.0761      83.8893
820     67.24        83.9887
821     67.4041      84.0879
822     67.5684      84.1871
823     67.7329      84.2862
824     67.8976      84.3852
825     68.0625      84.484
826     68.2276      84.5828
827     68.3929      84.6815
828     68.5584      84.7801
829     68.7241      84.8786
830     68.89        84.9769
831     69.0561      85.0752
832     69.2224      85.1734
833     69.3889      85.2715
834     69.5556      85.3695
835     69.7225      85.4673
836     69.8896      85.5651
837     70.0569      85.6628
838     70.2244      85.7604
839     70.3921      85.8578
840     70.56        85.9552
841     70.7281      86.0524
842     70.8964      86.1496
843     71.0649      86.2467
844     71.2336      86.3436
845     71.4025      86.4404
846     71.5716      86.5372
847     71.7409      86.6338
848     71.9104      86.7303
849     72.0801      86.8268
850     72.25        86.9231
851     72.4201      87.0193
852     72.5904      87.1154
853     72.7609      87.2114
854     72.9316      87.3073
855     73.1025      87.4031
856     73.2736      87.4987
857     73.4449      87.5943
858     73.6164      87.6898
859     73.7881      87.7851
860     73.96        87.8804
861     74.1321      87.9755
862     74.3044      88.0705
863     74.4769      88.1654
864     74.6496      88.2602
865     74.8225      88.3549
866     74.9956      88.4495
867     75.1689      88.544
868     75.3424      88.6384
869     75.5161      88.7326
870     75.69        88.8267
871     75.8641      88.9208
872     76.0384      89.0147
873     76.2129      89.1085
874     76.3876      89.2022
875     76.5625      89.2957
876     76.7376      89.3892
877     76.9129      89.4825
878     77.0884      89.5758
879     77.2641      89.6689
880     77.44        89.7619
881     77.6161      89.8548
882     77.7924      89.9476
883     77.9689      90.0402
884     78.1456      90.1328
885     78.3225      90.2252
886     78.4996      90.3175
887     78.6769      90.4097
888     78.8544      90.5018
889     79.0321      90.5937
890     79.21        90.6856
891     79.3881      90.7773
892     79.5664      90.8689
893     79.7449      90.9604
894     79.9236      91.0517
895     80.1025      91.143
896     80.2816      91.2341
897     80.4609      91.3251
898     80.6404      91.416
899     80.8201      91.5068
900     81           91.5974
901     81.1801      91.688
902     81.3604      91.7784
903     81.5409      91.8687
904     81.7216      91.9588
905     81.9025      92.0489
906     82.0836      92.1388
907     82.2649      92.2286
908     82.4464      92.3182
909     82.6281      92.4078
910     82.81        92.4972
911     82.9921      92.5865
912     83.1744      92.6757
913     83.3569      92.7647
914     83.5396      92.8537
915     83.7225      92.9425
916     83.9056      93.0311
917     84.0889      93.1197
918     84.2724      93.2081
919     84.4561      93.2964
920     84.64        93.3846
921     84.8241      93.4726
922     85.0084      93.5605
923     85.1929      93.6483
924     85.3776      93.736
925     85.5625      93.8235
926     85.7476      93.9109
927     85.9329      93.9982
928     86.1184      94.0854
929     86.3041      94.1724
930     86.49        94.2593
931     86.6761      94.346
932     86.8624      94.4326
933     87.0489      94.5191
934     87.2356      94.6055
935     87.4225      94.6917
936     87.6096      94.7778
937     87.7969      94.8638
938     87.9844      94.9496
939     88.1721      95.0354
940     88.36        95.1209
941     88.5481      95.2064
942     88.7364      95.2917
943     88.9249      95.3768
944     89.1136      95.4619
945     89.3025      95.5468
946     89.4916      95.6315
947     89.6809      95.7162
948     89.8704      95.8007
949     90.0601      95.885
950     90.25        95.9693
951     90.4401      96.0534
952     90.6304      96.1373
953     90.8209      96.2211
954     91.0116      96.3048
955     91.2025      96.3883
956     91.3936      96.4717
957     91.5849      96.555
958     91.7764      96.6381
959     91.9681      96.7211
960     92.16        96.804
961     92.3521      96.8867
962     92.5444      96.9692
963     92.7369      97.0517
964     92.9296      97.134
965     93.1225      97.2161
966     93.3156      97.2981
967     93.5089      97.38
968     93.7024      97.4617
969     93.8961      97.5433
970     94.09        97.6247
971     94.2841      97.706
972     94.4784      97.7872
973     94.6729      97.8682
974     94.8676      97.949
975     95.0625      98.0298
976     95.2576      98.1103
977     95.4529      98.1908
978     95.6484      98.2711
979     95.8441      98.3512
980     96.04        98.4312
981     96.2361      98.511
982     96.4324      98.5907
983     96.6289      98.6703
984     96.8256      98.7497
985     97.0225      98.829
986     97.2196      98.9081
987     97.4169      98.9871
988     97.6144      99.0659
989     97.8121      99.1445
990     98.01        99.2231
991     98.2081      99.3014
992     98.4064      99.3797
993     98.6049      99.4577
994     98.8036      99.5356
995     99.0025      99.6134
996     99.2016      99.691
997     99.4009      99.7685
998     99.6004      99.8458
999     99.8001      99.923
1000   100          100
;

