x [*] :=
  0   0      34  17      68  34     102  51     136  68     170  85
  1   0.5    35  17.5    69  34.5   103  51.5   137  68.5   171  85.5
  2   1      36  18      70  35     104  52     138  69     172  86
  3   1.5    37  18.5    71  35.5   105  52.5   139  69.5   173  86.5
  4   2      38  19      72  36     106  53     140  70     174  87
  5   2.5    39  19.5    73  36.5   107  53.5   141  70.5   175  87.5
  6   3      40  20      74  37     108  54     142  71     176  88
  7   3.5    41  20.5    75  37.5   109  54.5   143  71.5   177  88.5
  8   4      42  21      76  38     110  55     144  72     178  89
  9   4.5    43  21.5    77  38.5   111  55.5   145  72.5   179  89.5
 10   5      44  22      78  39     112  56     146  73     180  90
 11   5.5    45  22.5    79  39.5   113  56.5   147  73.5   181  90.5
 12   6      46  23      80  40     114  57     148  74     182  91
 13   6.5    47  23.5    81  40.5   115  57.5   149  74.5   183  91.5
 14   7      48  24      82  41     116  58     150  75     184  92
 15   7.5    49  24.5    83  41.5   117  58.5   151  75.5   185  92.5
 16   8      50  25      84  42     118  59     152  76     186  93
 17   8.5    51  25.5    85  42.5   119  59.5   153  76.5   187  93.5
 18   9      52  26      86  43     120  60     154  77     188  94
 19   9.5    53  26.5    87  43.5   121  60.5   155  77.5   189  94.5
 20  10      54  27      88  44     122  61     156  78     190  95
 21  10.5    55  27.5    89  44.5   123  61.5   157  78.5   191  95.5
 22  11      56  28      90  45     124  62     158  79     192  96
 23  11.5    57  28.5    91  45.5   125  62.5   159  79.5   193  96.5
 24  12      58  29      92  46     126  63     160  80     194  97
 25  12.5    59  29.5    93  46.5   127  63.5   161  80.5   195  97.5
 26  13      60  30      94  47     128  64     162  81     196  98
 27  13.5    61  30.5    95  47.5   129  64.5   163  81.5   197  98.5
 28  14      62  31      96  48     130  65     164  82     198  99
 29  14.5    63  31.5    97  48.5   131  65.5   165  82.5   199  99.5
 30  15      64  32      98  49     132  66     166  83     200 100
 31  15.5    65  32.5    99  49.5   133  66.5   167  83.5
 32  16      66  33     100  50     134  67     168  84
 33  16.5    67  33.5   101  50.5   135  67.5   169  84.5
;

