y [*] :=
 0   0        11  84.426    22  92.3      33  97.2948   44  99.7126
 1  74.2724   12  85.2736   23  92.867    34  97.6181   45  99.8102
 2  75.4375   13  86.0933   24  93.4106   35  97.9203   46  99.8877
 3  76.5667   14  86.8858   25  93.9312   36  98.2017   47  99.9451
 4  77.6611   15  87.6515   26  94.429    37  98.4622   48  99.9826
 5  78.7219   16  88.391    27  94.9042   38  98.7021   49 100
 6  79.7498   17  89.1047   28  95.3572   39  98.9214   50 100
 7  80.7458   18  89.793    29  95.7881   40  99.1203
 8  81.7107   19  90.4564   30  96.1971   41  99.2988
 9  82.6452   20  91.0951   31  96.5844   42  99.4569
10  83.5501   21  91.7095   32  96.9503   43  99.5948
;

